[assist/metadata]
version = 9.0.0
modtime = 1658236139.861585000

[assist/ui]
version = 9.0.0
modtime = 1658236141.337946000
